-3.548537781791339, 10.618990139077862, 0
12.674563336722926, 10.397094644263488, 0
11.081624168168812, 11.960802826935902, 0
-0.45306749769068766, 10.733399849424051, 0
13.706921273691583, 22.2349824277926, 0
11.975419214524235, 13.500671970703788, 0
12.020715338102915, 12.285157257648699, 0
11.70974564163357, -11.00998696981454, 0
17.41736486669429, 11.609265167886017, 0
13.130782869598733, 9.262867484870547, 0
11.36528244716172, 9.99192466670817, 0
13.307153806265818, 10.895533841612037, 0
10.684297665926678, -9.717588784746091, 0
11.718283488339766, 2.385597220618534, 0
11.654568694601473, 12.730665603320816, 0
11.725336087929135, 10.01073170859899, 0
12.04257613759915, 11.962581468742872, 0
12.04698937027935, -7.263103902520129, 0
11.704749130942645, 12.639382849272423, 0
9.520732758561445, 13.977541811092783, 0
11.247792721206228, 11.593746473004533, 0
12.085497697083976, 12.77344023447725, 0
11.625032628201621, 14.62803459734052, 0
13.520215578510486, 12.760830927936912, 0
11.741062335977821, 10.099027554782095, 0
12.365901256823765, 13.715861590118992, 0
-2.6767211962064117, 12.860987735838311, 0
11.13037528191704, 12.31857081549103, 0
12.900752527600671, -9.787159201787414, 0
11.985205441545341, 12.105658704207746, 0
9.354396841177955, 11.735713441254157, 0
-9.868919945222656, 7.320068802477843, 0
5.352612955472583, 11.577723569527487, 0
11.528052137568022, 12.070900779541686, 0
11.716234571998502, 12.092003740940005, 0
12.202179192189021, 14.022471737035508, 0
18.094951615077516, 11.692235349698201, 0
12.017386799918768, 10.995596258688888, 0
10.619245087554276, -0.8073483415871596, 0
11.429113720908754, 12.062361615052932, 0
-10.515682032958578, 11.412438149734955, 0
13.172544458601706, 11.119992638432754, 0
-9.643515274222302, 12.212584126914782, 0
12.61168370751557, 19.495777151130987, 0
12.591447303481813, 12.099046703170623, 0
0.10946608037007621, 12.07864164068631, 0
16.617655659709094, 12.536175115150211, 0
12.23041094340357, 12.773287484252036, 0
11.79704145380313, 12.417704445133621, 0
12.090424568673036, 12.447503314670278, 0
16.91018771254178, -3.2241093212608494, 0
-1.096316414914913, 11.714829580978723, 0
10.905608173592329, 11.866224111609847, 0
11.153253328512736, 11.997692095111772, 0
10.274387641602347, 11.33630630213342, 0
11.380417305507528, 13.259280792409033, 0
18.911222236216496, 11.16706993195957, 0
11.955498865928508, 11.76623607967334, 0
10.47646092084139, 10.75682776972247, 0
9.343743525440821, -0.23685447210051613, 0
4.560472251914628, 13.480615486109137, 0
11.01803212175601, 10.218392268723392, 0
11.551857924412404, 11.210663334676488, 0
12.239780639529776, 11.932995577081929, 0
20.68740043018467, 11.880159571888699, 0
25.136918728542476, 14.110171753847233, 0
12.24145541931959, 18.68517213763231, 0
12.993765411431587, 11.716157457520536, 0
11.966564441994578, 12.035456514475383, 0
11.80847463290943, 12.132409518262907, 0
11.19234591413599, 12.164832728384201, 0
11.865334635334369, 12.708535770739891, 0
12.467654914569694, 12.093869826068035, 0
10.14321468747944, 9.697260522572924, 0
10.172048059344405, 12.001559165915902, 0
1.8337811862527005, 12.107030203390428, 0
9.56862636916837, 11.153338383518525, 0
9.559221418950408, 25.43781575262251, 0
9.434124649006264, 10.79259503234644, 0
16.332950395970087, 9.44903067217691, 0
10.565968950724768, 22.550281153961343, 0
12.686819399339916, 12.58987027175781, 0
13.622244881984745, 12.959157257775402, 0
18.161766679350315, 14.861686513964344, 0
-1.1068504663346257, 23.02727062867097, 0
14.537572004559017, 12.24755949816753, 0
12.605366449270885, 18.84492705989782, 0
4.006222051211882, 12.14163427282449, 0
11.60421714970753, 9.74102222298656, 0
13.030992916785674, 9.70066251676185, 0
-0.7272601232206437, 6.439159681983403, 0
12.443894102972937, 11.55720205134391, 0
10.87627593315152, 13.242795337494696, 0
12.095839070349186, 11.862136154723029, 0
-12.521426854625231, 12.126027455994263, 0
10.404700254713385, 11.560637304743743, 0
11.697797413094362, 12.062311203265226, 0
13.755732401546824, 11.977103515022243, 0
12.747546612924163, 12.22438551542626, 0
13.271628033957171, 25.857660272965912, 0
14.85382760458244, 10.967596110376027, 0
-4.552703384148055, 11.988861129457778, 0
6.143830558445685, 17.322278197327925, 0
12.102068362021352, 12.00619392132618, 0
-8.379828897152816, -1.583805551364419, 0
-10.684072253956153, 12.000384992272986, 0
13.943181087335992, 12.022789667347007, 0
13.793193140877628, 11.888815938345594, 0
13.55355507945104, 11.7712591251658, 0
11.93986823006829, 11.904701619189082, 0
9.89056042179809, 18.650286239857444, 0
19.829704754064718, 11.382761102021504, 0
13.435446049261508, 7.562583986950601, 0
12.836894090205572, 12.662280018049376, 0
9.248914418323825, 12.616546824884628, 0
11.602788174162322, 11.434116756579941, 0
10.743926850455646, 12.945224508604976, 0
10.935224366813408, 12.48153785131164, 0
7.293706641379905, 11.356194093001058, 0
16.482271048460785, 16.900660040723363, 0
11.607826518352994, 16.520456544240524, 0
12.48848260734176, 10.761719689379913, 0
11.875733485227878, 14.61387508009442, 0
16.650829081074008, 12.442106393335663, 0
20.151838548106426, 9.649419366441208, 0
9.501178126497637, 3.0180942247136517, 0
-8.949937629551293, 11.46660561428012, 0
12.264868607651232, 18.9248374026676, 0
11.661354589989342, 10.732278389947023, 0
12.29674390924585, 15.412059475064012, 0
11.523909483424799, 11.907517037004476, 0
13.893991849163697, 13.913651460993528, 0
11.679496026133315, 11.980550615549978, 0
12.768149918054624, 11.735903130398182, 0
-6.525012260871504, 11.55766003973248, 0
6.533457472944797, 13.712344945825354, 0
6.568428886913222, 12.459348492881832, 0
7.983349638371853, 19.721623353329854, 0
13.815141778645554, 25.65874737599178, 0
13.068397069276726, 23.478174615403322, 0
-2.360381815277698, 13.167920408664976, 0
10.84056762212031, 13.011160566180248, 0
13.230628254759214, 12.715133925510958, 0
13.352127549947104, 12.727384873297378, 0
10.496304980418085, 10.010692020969925, 0
12.136462520146175, 12.598401002155194, 0
5.010221815666766, 19.801519642097432, 0
11.959293258491869, 14.928058760103688, 0
18.69658828967924, 12.571284856833891, 0
12.245470146994897, 13.680430329501222, 0
13.89758043717997, 12.981265995632612, 0
13.790121851829467, 13.699111319009933, 0
12.13229556006112, 19.923722710656474, 0
12.024531443025298, -3.3342671150796086, 0
13.862736115088381, 11.629832996724124, 0
11.93270862136174, -1.6658682309454704, 0
22.395939306461365, 13.599679472575778, 0
23.12349507325824, 26.211827394834792, 0
11.048595981021213, 12.811425794876472, 0
14.402872754484193, 12.601123012492124, 0
14.570038204521346, 13.22611304152437, 0
16.197863276817234, 11.978349850503083, 0
11.792229786353042, 18.172746801659493, 0
12.212674601997662, 12.092768041799339, 0
11.740092309808094, 13.598934162153697, 0
5.727342481292115, -6.315639813589254, 0
10.325558899660349, 12.647363461177305, 0
14.48611385493997, 13.325628539024708, 0
12.742238327065012, 12.014601200773507, 0
11.922630824149909, 16.95332450920423, 0
11.781882055074728, 11.77780032108802, 0
12.242802124654226, 10.139798827485777, 0
12.258920261469314, 13.084767764525003, 0
11.832788254737032, 9.146180862498063, 0
12.340613668689405, 22.749061920458495, 0
11.977111374868775, 10.460315101880415, 0
13.592217371777167, 12.951772730023029, 0
14.018522820525826, 13.868125518740767, 0
9.434702061175813, 9.390422673263627, 0
-1.1102952777245036, 10.687736973383688, 0
3.670093207628378, 11.317754676649743, 0
13.010301590741054, 12.690197739030356, 0
13.79199270427392, 12.070378963452955, 0
2.564810992282304, 10.30343681070746, 0
13.581198675930318, 0.152042448273221, 0
12.665248619667475, 23.051856123678128, 0
12.19667165892324, 5.831351008014845, 0
12.327144329959998, 10.065101895071221, 0
11.600969456548523, -3.785817521256485, 0
11.717565875448402, 9.733096225936928, 0
11.678184273329753, 11.209456284219776, 0
13.399049532119095, 11.703463479884768, 0
13.450772794358082, 13.250468134466153, 0
10.457535248734416, 10.093373102024517, 0
0.41397396103186956, 9.830436183946153, 0
13.510148422703718, 12.484027430395884, 0
25.008167926400922, 12.668683672038352, 0
16.13969125310981, 13.143526734950049, 0
12.316537108579283, 10.177339491991718, 0
5.579663092964074, 13.43164652884277, 0
12.065418176329922, 10.252206689045481, 0
11.854013044135117, 11.066387742141211, 0
10.32264990819138, -10.06010457216665, 0
11.308319747578905, 10.43950194799655, 0
11.623746347555379, 17.03727850693049, 0
13.295585264469878, 11.21525377087647, 0
11.465262997960016, -7.706636174549407, 0
13.394632219239494, 9.373937581264446, 0
10.719010718136124, 11.864675160096558, 0
21.183813649815285, 12.48595622380633, 0
-2.525862088966454, 11.840576273572434, 0
12.459542865499667, 17.585571703078156, 0
12.007683413237501, 6.2268073302954905, 0
12.543790684066602, -1.1286600922539183, 0
10.782464392279863, 11.967468365713065, 0
10.625790632174155, 11.814722824399745, 0
10.453317618095717, 13.786879004812352, 0
22.68484758315262, 12.501441011025975, 0
19.06244504038154, 12.231546508631999, 0
11.818789279758931, 13.549568850601375, 0
12.046822865715528, 12.375718389114475, 0
10.36937935912129, 10.59141782789633, 0
12.335871932260627, 12.79606724503302, 0
14.262787136245874, 6.792706126409089, 0
11.956133135032148, 12.48158178771986, 0
12.01821234499578, 13.18882211039125, 0
9.513797639550413, 12.087696428563358, 0
11.61801525450884, 11.048488230452634, 0
9.9411668284129, 13.234899004870288, 0
10.121077508868341, 14.877665836321059, 0
13.672901413614445, 4.0419065975899535, 0
12.516260553554599, 11.4169914371857, 0
8.031708156123717, 10.017284760549881, 0
22.689969538996685, 17.76529563087488, 0
13.469295864493578, 13.844264376346398, 0
11.229521305221173, 14.046057847857194, 0
13.724902581944844, -4.720030998207534, 0
15.748517740906811, 13.041101082592153, 0
17.617749928388832, 11.195839287829063, 0
12.6385624664442, 12.22187337436708, 0
9.423865284151843, 12.467717875101888, 0
4.777070802600237, 10.748707532748334, 0
12.944245879546433, 11.73308956365535, 0
-2.813111606196806, 12.156112099380444, 0
4.3976307124867615, 1.4047121391101278, 0
9.643623384856499, 14.606424946897047, 0
11.805224731110082, 12.055591460930748, 0
12.563827088142416, 10.726043618373122, 0
11.48193978043899, 11.658980264063029, 0
10.018061237599136, 13.493066950467126, 0
20.695527632062305, 14.581994179619464, 0
12.339698916839279, 9.448877620334578, 0
11.698529143947395, 14.325499765028848, 0
10.301099000822612, 12.245749079006767, 0
-4.737060150731281, 16.239799061095287, 0
11.800501319029335, 11.504095153108146, 0
1.544034255394532, 13.117386100788478, 0
9.366258337540893, 12.247466792720976, 0
10.182046675056114, 11.952629335364819, 0
21.038986384112697, 12.31487524743189, 0
11.348754128302808, 14.745169383823816, 0
12.30657086240115, -7.809294654656446, 0
20.09387158700372, -2.593157110341112, 0
9.538274587296701, 9.452438517731908, 0
17.849839583151134, 10.143247632206187, 0
13.81482912695415, 15.305635526365743, 0
11.98437052353195, 11.622273876916314, 0
13.559436264185528, 23.869817836570284, 0
13.491258420104229, 11.46561694150283, 0
-4.904967012875012, 11.076499986958662, 0
9.489458653418065, 12.25059900183064, 0
21.788839983886223, 11.007534357639853, 0
-8.515058456900707, 12.614960543630996, 0
10.284538502034493, 11.044623684507275, 0
14.215255281992206, 10.631201236074617, 0
12.058545413768785, 12.67548437375222, 0
22.413264026729237, 6.536858515470958, 0
11.414662380666405, -8.664624669485738, 0
5.220272587189551, 4.440149942010361, 0
14.260963253162195, 12.470864192238414, 0
17.495657877842895, 13.509579254803663, 0
12.335855717596896, 11.501298273054156, 0
18.064435131667846, 5.921462666760304, 0
11.407992601896282, 14.502924784212912, 0
11.069187915708191, 12.719499827081407, 0
11.605550186254794, -0.17203233884773184, 0
11.415031846822375, 19.536171573282857, 0
11.019275007843072, -0.6085288847893278, 0
-6.274645871452817, 13.454148337878978, 0
-1.7261913627059382, 10.782457889363045, 0
14.494939331624353, -5.542291892040728, 0
9.918930443817846, 13.688824722540776, 0
20.51007263348742, 12.598532998446831, 0
9.823349593560561, 12.210455554508764, 0
13.410787453008568, 14.088344740421306, 0
9.932847785529177, 11.989161250106186, 0
11.611439649738092, 11.971435326960737, 0
13.229737552972715, 12.541021390921332, 0
13.556192175769866, 19.71328303618138, 0
21.21452796598605, 12.396210890623177, 0
3.803690716024411, 8.466705047598586, 0
11.00976740390953, 12.42125449148578, 0
13.627192195397297, 11.393737719256999, 0
12.757499645440946, 13.452703008470815, 0
10.891572769931058, 12.173039663555983, 0
27.13822308730603, 4.604216027075162, 0
12.887201420233323, 11.579347797403761, 0
12.477152447954866, 9.24674188646431, 0
12.674687706268166, 15.928591689482237, 0
12.548577720016029, 12.20508132735193, 0
10.016179186120137, -12.701225231470836, 0
11.675831916326857, 10.21049112581835, 0
9.292787308249284, 13.001717509973279, 0
11.937036277070854, 12.53683717068562, 0
22.858577196754624, 12.283340491912494, 0
12.630474900519872, 10.636146197577892, 0
11.923188035290426, 7.823903473038625, 0
19.239596829032106, 11.909984321152455, 0
11.248435632663135, 10.835099265411182, 0
1.8158680115719825, 20.127192415564053, 0
13.316241987130061, 13.783523430828406, 0
13.052635151313847, -8.05086979465958, 0
8.162925626413227, 13.525363982401347, 0
13.059969066459072, 11.970831726047418, 0
9.242912111020573, -3.5305618436208626, 0
11.64118980165105, 10.548998151358196, 0
11.716879816968639, 11.98342459715898, 0
11.854616851603502, 8.420088883869322, 0
12.7978179313935, 11.282265347017603, 0
12.985633096352274, 20.54620832684045, 0
12.134098671914877, 13.266258461358152, 0
-2.879761925899743, 12.066493732297845, 0
11.921008623982686, -8.535522615330853, 0
22.383354646834565, 14.124834255674397, 0
9.409357913307502, 12.614677896464075, 0
15.70148621751417, 11.389895321842744, 0
11.163082476517163, 12.207564685318523, 0
-0.9901659545283152, 13.41919300206271, 0
18.961410060793217, 22.43406550301971, 0
11.979064195499651, 10.11902725862311, 0
23.793249175899515, 11.789781173164808, 0
19.056010488095083, 13.640404866509458, 0
11.587406119377267, 14.362479362752467, 0
11.948751189819506, 11.7057375950615, 0
12.05966174547307, -8.68414650123142, 0
11.18991389201377, 11.247511987627716, 0
12.35949513224454, 12.56076856587011, 0
-1.940977395854322, 11.814701712922309, 0
10.34458232798437, 11.09144087851653, 0
9.830410348962848, 11.494643470520247, 0
14.835607205599818, 10.125774831959918, 0
21.357156221899878, 4.808579435309461, 0
7.018720424508003, 12.675541987998445, 0
18.111312505746106, 12.610163376807476, 0
10.823479251636481, 22.766415909213933, 0
12.077192808283087, 12.059340790542102, 0
17.29348334866109, 23.44311214659026, 0
22.434332932127397, 11.968562607575693, 0
11.227987465419705, 11.298072598174308, 0
11.941400464177548, 11.062930819873978, 0
11.001657596462104, 13.849343773828648, 0
11.087449764163253, 4.969175955953212, 0
9.920946042652071, -1.3961278077894015, 0
11.847503487823948, 13.561338151672317, 0
18.44827892007587, 11.418122611821788, 0
10.582576083657006, 13.16914986520141, 0
12.035872898098088, 11.641532989875504, 0
8.486985172448868, 12.339787074352907, 0
12.811039731187037, 11.764775927386967, 0
-8.355013078469355, 22.776022411243254, 0
11.242905654675656, 11.97205553020523, 0
11.137504296368844, 14.29156391954637, 0
9.445915168378503, 14.60872365852119, 0
11.428154316459663, 11.902771042819596, 0
13.131746349604994, 13.721783874669347, 0
11.534367627751216, 17.91195123172002, 0
10.2818835097907, 7.521520177345037, 0
14.862006403358171, 19.057548117048164, 0
17.45285865830581, 12.101649320619549, 0
4.666297442762628, 10.082600020312425, 0
10.63941474771649, 14.625006913143588, 0
11.611784068493384, 10.781371534117232, 0
17.556731275092453, 13.827276833196233, 0
10.486936279477375, -5.892680763922623, 0
12.192000803600559, 9.966931668960504, 0
4.096519609375385, 13.783948625772142, 0
10.899206609384283, 11.730792721902194, 0
10.947519680951853, 12.818037579633026, 0
16.923338363348584, 18.881336959797068, 0
3.428732991529646, -12.48782059802556, 0
11.968917212885923, 10.695296132059207, 0
-9.3501624604722, 18.89881604601871, 0
10.189394162335747, 12.698231008232773, 0
12.69559997554385, 13.034221422265498, 0
10.039105372001814, 10.902910420502327, 0
11.42220129401196, 12.037215159491469, 0
12.007596190804353, 24.616083274978504, 0
10.09069498385703, 11.917014130928832, 0
12.584459663631357, 12.131985202201964, 0
14.827848554711153, 12.693893119077483, 0
-11.080222695448894, -1.7895206879023609, 1
-2.3792621305754906, -0.7622740801310028, 1
4.359897690400874, -2.049430993098987, 1
0.938455025029354, -1.0358330462326917, 1
-10.150848645319785, -1.7798241397277208, 1
-9.597561017607672, -0.013738529026792845, 1
-12.525397335565755, -3.249333690704249, 1
-11.37467435638524, -2.021272540806101, 1
-9.550840175407348, -1.6780615741943836, 1
-10.053020796209774, -0.9363811597699702, 1
-2.881032738316751, 3.2892887646739277, 1
-9.10471404426607, 0.5030952382371081, 1
-7.686544333168465, -0.20442240132081912, 1
-9.519584800356462, -1.2864774909547128, 1
-11.187706220289686, -0.7674167687536656, 1
-10.644193297337639, 0.6230492673772503, 1
-9.881744950639934, -2.1874054814315738, 1
-11.190206802082287, -2.2019761030311065, 1
-12.08697736809669, -1.0272586191104613, 1
-12.728074434301046, -0.9365919712931547, 1
-10.5873102954663, 0.3314601373358197, 1
-10.974243910969841, -1.5632170906056766, 1
-11.222151991807715, -0.46114155321711436, 1
-9.327931799999213, 0.5121317255994482, 1
-10.225945310398835, 0.5209000131941264, 1
-11.927269134303664, -0.9495771663232259, 1
-11.89615163407824, 0.47705484716731256, 1
-3.6619944517702727, -0.75877450398693, 1
-9.089481093771518, -0.3147743817326014, 1
-12.103581077227712, -3.8655625547846584, 1
-19.881585203612996, -3.4747003017438836, 1
-10.074784794066959, 0.5179868203477946, 1
-5.515655141354003, -0.9703423837618668, 1
-10.280747330733702, -0.8819038714285669, 1
0.2945217979123562, 0.22741147153641128, 1
-10.467747019736459, -2.495073402292177, 1
3.4643383349472145, 0.7085824375735286, 1
-9.397683910202968, -1.2588463100745555, 1
-8.147787479136664, -2.669766873946805, 1
-15.249085147483333, -0.6175799597930766, 1
-10.905010155718225, -1.062564880436452, 1
-12.483596324636162, -1.000257349540646, 1
-9.656244288978773, -0.4848911514513874, 1
-11.404817896864552, 0.3607014177340775, 1
-10.039976725639363, 0.39951611155562317, 1
-14.213350015130068, -3.8246238443926766, 1
-11.419478117520505, 1.6225651526406004, 1
-11.3884028428972, -0.4019492256443091, 1
-13.547853587275952, -1.4781819258085749, 1
5.404459695351518, -2.0441307277561807, 1
-10.729561348925415, -0.7066166834434369, 1
-10.79473889143284, -1.272987888167, 1
-9.910062091763486, -0.708554520673617, 1
-10.103809928724385, -1.4515351411753654, 1
-11.922921276223256, -1.4432649247102183, 1
8.669344087599288, 0.17729740928751755, 1
-11.051360409555373, -2.246940520205677, 1
-13.5164940096558, -1.6426181193631955, 1
-11.193651929833113, -0.4551798322520707, 1
-11.667141805568777, 0.6927433558444909, 1
4.994703408459136, 0.0492815314748436, 1
-13.24697407033331, -0.5061822459575278, 1
-11.318262392768274, -3.1524957258749744, 1
-11.10688938433271, -1.5878571242755353, 1
-13.5076029083705, 2.4301055827706266, 1
-11.415074636511644, -1.4511160593587142, 1
-11.973359118384403, -0.6669455248390257, 1
-11.087005068679717, 0.2326638335525495, 1
-10.357574621734438, 1.8437534816640713, 1
-7.207678295567642, -2.600448688753553, 1
-5.389660506327724, -0.1570261805234695, 1
-19.126591503633392, 0.11676874438352347, 1
-10.881038379665288, -1.7689533912215532, 1
-11.548836186892016, -1.256556520212355, 1
-10.122533081980157, -0.9801315732044381, 1
-11.852878620890296, -2.5560576131004873, 1
-11.661663910893505, -2.134866142668665, 1
-9.690352202626224, 1.828408524409274, 1
3.127927181230442, 1.834523205026616, 1
-14.37091359976051, -3.6503858217705547, 1
-13.662945799777225, 0.3618868278801748, 1
-11.868815925077516, -1.469742180833899, 1
-10.478799859665955, -1.153298348979874, 1
-2.922554609306072, -3.4901677340990895, 1
-10.611608180411254, 0.21008242084085993, 1
2.0989806329349285, -1.703485266487234, 1
-11.292768866651928, 1.8618565986261544, 1
-4.155430459794198, 1.5276896883706195, 1
-13.473302930413372, -2.158675359239753, 1
-12.602895670170442, -3.5356928586060814, 1
-12.477151424537366, -1.7396557216051134, 1
-10.429607670244286, -3.8009815380857765, 1
-11.441533479695149, -5.77609346645361, 1
-10.924571610174652, -0.8951575373739635, 1
-13.98097179781005, -0.8105116491141691, 1
-22.813293490918916, 0.4037501190109601, 1
-13.141255496995159, 0.6487203697998347, 1
0.22078596093358982, 0.6938284167706863, 1
-11.20949781327846, 0.8922343947076343, 1
-8.522788425003391, -3.5890148744316166, 1
-9.00390651558789, -0.6776540042019821, 1
5.233920010638878, -0.19487966667243406, 1
-11.22269788667467, -0.13125149441253003, 1
3.3999459241110266, -1.4631383118466708, 1
-2.42532458551913, -3.342205330167763, 1
-9.249343700208488, -2.1470230556036, 1
-11.941777911474944, -0.9204364788600286, 1
-9.2839004313326, -0.9618922848663433, 1
-11.572246347043382, -2.5114713952831735, 1
-9.852097007652093, -2.802970702154628, 1
-13.335530836598547, -2.3061308528629536, 1
-1.528377059303093, -1.0701270540079402, 1
-11.075257490956595, -1.4919054424091878, 1
0.8600852326443658, -3.4790487026891297, 1
-12.99491786371207, -0.7671954203027693, 1
-9.968290688002277, -2.112666105388385, 1
0.8323341535398505, -1.4610316074910752, 1
7.783443390670886, -0.04829520731870299, 1
-13.053983285439656, -0.0642720921192822, 1
-12.295064064616252, 0.58764996117352, 1
3.4426053890989934, -0.9900126879867835, 1
-16.507633521592556, 0.5361844082123852, 1
-6.707955782987588, -1.1103722101342792, 1
-10.81822053229495, -2.8370616952889245, 1
-11.59210690381208, -1.4788082093619515, 1
-19.531530550431167, -0.6400294628521856, 1
-0.6937351829176155, -1.2485807478744761, 1
-19.626908597426265, -0.9755167639530796, 1
-12.208003960216384, -2.486528184322922, 1
-8.236684266316997, -2.782248683856234, 1
-12.088450814123869, 0.34662873448603326, 1
-11.622247136651596, -1.8470097884031527, 1
-14.60414268875116, -0.9483150313116808, 1
-11.39061623322375, -1.0816471768482456, 1
-9.607548899934336, -2.144293088310426, 1
-13.51103468653515, -1.4512863775882678, 1
-16.455213264124847, 1.4106503879753496, 1
-11.5895984278159, -0.27033541358520763, 1
-10.483123234192878, -0.9596722025723793, 1
-10.948944122718096, -2.010844587793549, 1
-11.673929863634035, -6.496618970691541, 1
-11.986229855923238, -0.9794580155732993, 1
-26.582799922583384, -5.834336709248301, 1
-11.527666714312014, -1.0783412458107038, 1
-12.461517645294187, -2.123526160976385, 1
-10.35540851454543, -1.229896108729043, 1
-13.013650601640688, 0.1732613454134675, 1
-11.713850906220728, 0.7206279786783771, 1
-23.100798990350178, 0.21280155931048594, 1
-12.277224855765944, 0.24139824600194282, 1
-12.638660875292773, -0.5970496741345408, 1
-9.58424700188803, -1.726834922504351, 1
-11.665650423955386, -0.1716097375619159, 1
-11.7024133148775, -1.4371043469099094, 1
-9.349360806675831, -1.5102451511519637, 1
-9.278165829050197, -1.169265557772467, 1
-10.201895637103371, -3.3523902098728215, 1
-10.174342307112491, 1.2261040745274867, 1
-11.129613300303788, -1.9740665303784577, 1
-12.101294758092493, -1.6668684703758783, 1
-26.701756115518947, -0.37737472878578115, 1
-12.38804859049421, -0.8790766414637938, 1
-9.022769983759895, 0.15633350589050393, 1
-8.396394460981044, -0.2301872138704464, 1
-0.4201020863993623, -2.71709856017292, 1
-9.19595836136544, 1.8085115752499261, 1
-11.80013502853037, -1.5528832326571418, 1
-11.06362603508735, 0.13457989549769722, 1
-12.490873225821987, 1.5811638986822514, 1
-10.83975384106033, 0.08816898691365849, 1
9.004218131443638, -0.5601335615505536, 1
-10.304164017056117, -0.8126426354667509, 1
-9.81759561633751, -0.6547207513500481, 1
-18.42014097451156, 0.9575340220459281, 1
-11.586112997746552, -0.6732079500944996, 1
-11.42050914740264, -1.7235079219777907, 1
-14.70065540211101, -2.2870002502142546, 1
-11.399509631061772, 0.6124330341597091, 1
-11.909223742936263, -5.8971500847519955, 1
-10.697143294391967, -2.4165798018125026, 1
-10.753221033629623, -1.0475897134015115, 1
-12.33176895333262, -0.9926394706440375, 1
-17.538261394404174, -1.3416447109510274, 1
-21.145145171164046, -5.347426290175282, 1
-11.793032682029812, 0.3714034680628513, 1
-6.1453469269474255, -0.6327654598243995, 1
-9.130372958103996, 1.3636966380457252, 1
1.1735532737182588, -0.7465550257428142, 1
-11.014073194210143, 0.10692498039455689, 1
-18.648064912817127, -2.216364418123251, 1
-9.559085730964437, -0.06865537416425949, 1
-14.176863106099212, 1.5970742694568916, 1
-13.816664557236944, -0.3799995340668071, 1
-11.499729430313513, 0.09977564274368023, 1
-10.362625098472034, -0.9411292265694804, 1
-10.076931124788674, 2.1634454948163517, 1
-9.74800125649593, -2.054202103530824, 1
-18.113926966363643, -2.0946414831549873, 1
-9.519329923975153, -3.0445152865930036, 1
-11.45529313722654, -1.260154062492128, 1
10.06029004446967, -0.7853202132672467, 1
-12.477572961280078, -4.085056855725795, 1
-11.746503780918264, -0.24133202371631857, 1
8.834675109014562, -1.351089674288223, 1
-13.361529053964658, -0.5056247543765731, 1
-19.319373605261173, 0.5587356540216053, 1
8.797362720158283, 1.280262975313097, 1
-9.005497434921395, 0.22227856554035896, 1
-13.481239119776696, 1.9004605261689422, 1
2.5247643767764476, -0.49684368725020467, 1
5.903468336388666, -1.9385134092141088, 1
-13.64113317776231, -0.7035669129762103, 1
-21.49050464644882, -3.4356750516635097, 1
-8.777328477924819, -1.7490736421090542, 1
-10.240878724432587, -1.9097828013830458, 1
9.158650800628575, 0.6243965642372664, 1
1.1993288216139337, -0.1440209320743442, 1
-9.46168534184146, -0.07703999677874954, 1
-9.646837361397244, -1.2818489266285944, 1
-11.05593617257048, -0.5942257361403682, 1
-10.491413547863782, -1.014993572780991, 1
-10.286441686287198, -0.5693869216269444, 1
-11.62192992920731, -0.020852710723603257, 1
-11.403593757867354, 1.1850186269614467, 1
-9.562576477130797, -4.684496812928042, 1
-11.065048873680542, -1.934360100220338, 1
-17.577777084632267, -1.5815825585351795, 1
-1.196714768826551, 0.42884817801801267, 1
-11.589724318524876, -0.9684250390850854, 1
-11.553591485966303, 0.3929814567891196, 1
-12.846287107467859, 0.010704456762860026, 1
-10.773598039025782, -1.353529459552646, 1
-11.176093388125045, 1.4125022247094519, 1
-11.00529378917638, 0.11222460018762814, 1
-15.883737032527257, -2.1029671383506514, 1
-9.792606090948473, -3.678304365321364, 1
-10.091571067763397, -0.4032324009928937, 1
1.4441966932368686, 0.2383388340081941, 1
-12.76501449916348, 0.09017104399390052, 1
-11.156333334337102, -0.557843319782784, 1
-19.202019503843836, -0.49824218011381904, 1
-10.703872988412785, -1.7311446270805968, 1
-10.908876113032923, 0.6393234204734195, 1
-2.196050731178265, 0.579084145695498, 1
7.272142825884039, -1.0737338802854441, 1
-9.000390353133099, -1.501067537509702, 1
-10.52647331867613, 1.6696533379379908, 1
-12.006563775470203, -1.2847131759978392, 1
-11.754413743567861, -0.42700029403183426, 1
-10.326250851568041, 1.1689719939699268, 1
-11.425334352977142, 0.9868609507504456, 1
-9.52266203157161, 1.4645705793245996, 1
-10.93273259798832, -2.5216301760669473, 1
-9.808622550649167, -1.0028390265504155, 1
-11.66013467830151, -2.3860145284436944, 1
-11.174095456519812, -3.103398296850342, 1
-9.966213057062264, -3.5712474402699694, 1
-10.49047089051524, 0.47668134782918714, 1
-8.291947428571481, -2.282443403432489, 1
-9.97102351550609, -0.9018756821559659, 1
6.997902522442686, -4.052872654956687, 1
-21.62484725868165, 0.03389051263309572, 1
-10.26135007344581, 0.20113294194920917, 1
-8.85931802883211, -1.535731121759897, 1
-12.196078397546188, 0.5801718042100534, 1
-10.953648062030165, 0.01713860163327574, 1
-10.172310767897734, -3.2374182672283376, 1
-11.728210653636767, 1.3309396399263993, 1
-9.509513862113831, -2.520036088350866, 1
-13.351434623487368, -1.6959332780026084, 1
-10.199864673072177, -0.41110063504074945, 1
-8.697385961657321, -0.8982193094979887, 1
-18.074744686325285, -2.8518302926960706, 1
-10.204362272762108, -0.11418437093149092, 1
-14.417635734940962, 0.17935139561310054, 1
-12.965607566297967, -0.4468228090774079, 1
-11.248758282884493, -1.7121966003757336, 1
-10.895395654560614, -0.9779521421247124, 1
-7.3827621535354115, -2.3695241014096817, 1
-10.675070502616872, -1.9538657890587423, 1
-10.900743573098264, -2.962477411577165, 1
-11.782573670069123, -0.32140230451976104, 1
-9.717995000572792, 3.1732009225001634, 1
-11.560135571273037, -1.0513361728361845, 1
-13.56371782226796, -2.207178160875646, 1
-11.193929197487702, -2.526580036381558, 1
-11.006955950914824, -1.0054405054954403, 1
-8.572982500565358, -0.018807010409525038, 1
4.0622110467752055, -2.163606033543051, 1
-12.615113091071835, -3.462019908948645, 1
-16.764816922356935, -1.1579758856689755, 1
-10.102482561759814, -3.6544421308234623, 1
-11.200443080500703, 0.09345142538673135, 1
-22.13935392600449, -1.0875094875626796, 1
4.244417487372644, -0.7509898603697649, 1
-14.798706867278888, -1.0804703468693873, 1
-12.006977436608608, -1.0086105603937918, 1
-9.578483381596545, -0.09497460486571285, 1
-10.67751402671048, 1.3493638266789012, 1
-13.708686777632263, 1.2814314384021621, 1
-11.468913324682878, -1.153519181316547, 1
10.200976261303968, 0.7528676632714042, 1
-11.061014381241074, -1.1053255977563479, 1
-10.333692117888784, 1.967709452246201, 1
-18.299861108803476, -1.5816984079608467, 1
-15.371721817244072, 1.4798012330458135, 1
-11.432398493345065, -0.2736557150287785, 1
-10.201265521917065, 0.14050151928562826, 1
-12.896554517822256, -0.35395975384553613, 1
-9.150091836057026, -0.5666663953347858, 1
-10.399193328315583, 0.3856431439073247, 1
-13.619610103812047, -3.8350503776033578, 1
-13.144112199833302, -0.15163483924606191, 1
-18.064822466095862, -2.9818906158351695, 1
-15.041282415748661, -1.673720204225538, 1
-9.360112128269307, -0.9379487181251716, 1
0.5412880525501524, 0.04371360274931546, 1
-13.48153877880347, -0.2696561197746279, 1
-14.610204708798632, 1.2691950908271203, 1
-9.83567186764238, -3.475530819959194, 1
-22.154870066064476, -0.8662871371732703, 1
-9.106914502525706, -3.156287819985115, 1
-11.785425868752917, -3.818847146904213, 1
-10.994118246511105, 0.20062757917275598, 1
-13.101316693480412, -1.9668820629901136, 1
-11.355294837285589, -4.175001558682116, 1
-11.934230038294256, -0.7533217522302085, 1
-11.050126749767427, -1.5326281118609448, 1
-3.202723647230206, -2.373764228584276, 1
-11.288707223078198, -1.1483379848436244, 1
-12.124418186267993, -3.8197353553337927, 1
-10.693815610367048, -1.0406975255243016, 1
-11.435023308692456, -1.5454820018432978, 1
-10.90013780837149, 0.026561180144686836, 1
-10.616788690801688, -0.5466591513093606, 1
-13.885132021327834, -2.318222763585002, 1
-12.588542542524616, -2.341950329065939, 1
-8.68404943515659, -0.38768581414790204, 1
-11.293602094434627, -1.1039348054888225, 1
-14.961955849749923, 0.7511610699425457, 1
-10.408298900882476, 1.073914011710123, 1
-5.17786566627698, -0.8277123256557901, 1
-25.309785624814907, -0.9687788637142554, 1
-16.791585326012456, -0.9470298888625219, 1
3.1346742667228185, -1.4741186463073945, 1
-21.22549293900753, -2.654162144579404, 1
-0.5991137373813462, 1.3986467731940442, 1
-6.93607558999149, -2.3013646709617754, 1
-11.277195011038687, -3.2152487846077245, 1
-13.007044462571011, -1.6902663293713434, 1
-10.867854635361725, -0.480931048051773, 1
-12.597261792767464, -2.719125661335429, 1
-10.767750507236418, -0.9990801652574665, 1
-11.535961116236527, -2.2048305207269445, 1
-11.564413249983328, -0.2998060464579957, 1
-10.942903266444986, -3.3560828878498645, 1
-11.637374771944735, -2.519225558570791, 1
-8.674836145051794, -0.8966971282035086, 1
-10.561882293024919, -1.812191715392037, 1
-11.283461105789984, -0.6803147541460303, 1
-10.726211983188618, 0.5994509006484705, 1
-12.022150777309276, -1.379115671435608, 1
-9.183267343077652, 0.5103685367061273, 1
-12.60075013503353, 0.03805632450032914, 1
-11.131680794876218, -2.7316138811315804, 1
-10.838136217985026, -2.4562558046635523, 1
-15.197276219825454, -1.8908310779539375, 1
-11.32608794981848, -2.2228689831146475, 1
-13.199420667787516, -1.6618027047891033, 1
-11.954482319035282, 1.7078282183786302, 1
-12.41841202450676, -2.9505223217281014, 1
9.923916796105233, -1.7469159899278326, 1
-11.035986668223224, -3.57166372852119, 1
-10.746287082467017, -1.3408315030160702, 1
-10.652788336711783, -0.632408393921241, 1
-10.652692367934597, -0.4613062618659115, 1
-9.73680881437021, -2.200090320050948, 1
-12.398867010451383, 1.4048123796125873, 1
-13.515276821567626, 0.1998402689879717, 1
-11.977551048569453, -1.3784777102854637, 1
-9.599544841570477, -0.37016606571414246, 1
-9.783016981197045, -0.5691380693105939, 1
-11.640185407374169, -0.9310896500355746, 1
-12.52247966277406, -0.14831184121156205, 1
-10.89279491032387, -0.5319658421470332, 1
-8.75038302921798, -0.4657949684428361, 1
-11.812841340591309, 0.2128151729762905, 1
-12.090320497550337, -1.0099142505263947, 1
-11.149972644497225, 2.095014029673421, 1
-11.263598744837928, -1.4528849901487888, 1
-10.622520579987222, 3.0862150252702425, 1
-19.911311626212164, 2.066516378686815, 1
9.948332670747305, 1.18787808821675, 1
-18.11771448411583, -0.05831836521284939, 1
-11.282854874070248, -3.2764578870159276, 1
-10.685627769554324, 0.09381138965273195, 1
-10.618981489131047, -0.40455455159636255, 1
-13.932363886075166, -1.2171592923821433, 1
-17.285945590990256, -3.0182143676604145, 1
-20.246734883153117, -1.773778568329226, 1
18.33659341566127, -12.995101484832949, 2
16.830899626968197, -13.13892890068749, 2
16.830210247432486, -10.13802143469194, 2
17.9975124527442, -13.588721067475637, 2
17.72065742911577, -2.169128929657628, 2
17.114481465249867, -12.012449512196465, 2
17.971096381825205, -14.167643821108529, 2
19.015681184452347, 2.5246448183246866, 2
17.25228161294625, 12.524996550709215, 2
16.0179902370399, -12.911451995743427, 2
-2.0663425681563012, -12.847207326088554, 2
18.535148806489172, -8.562300124467384, 2
18.772437723191103, -19.840555917186016, 2
22.99716484535879, -12.695098579699279, 2
15.32356182587666, -14.095697527376418, 2
18.002346176639108, -13.533196326509778, 2
17.192459535169913, -12.270299614947456, 2
26.77170813051039, -14.099025468629813, 2
-6.2882221414156625, -13.043822237581832, 2
17.92220407445743, -14.341940989415322, 2
16.615470630653764, -14.914787444122403, 2
18.035103306683308, -14.75327242184593, 2
18.058681203613006, 13.709281159701627, 2
15.956506883430395, -13.201918696851774, 2
18.399347993209766, -10.82887976361765, 2
16.43670270003629, -13.708132517957205, 2
16.93819269306782, -12.572820309035492, 2
19.12076493194052, -12.135689446331238, 2
17.239238414529044, 7.383863682846881, 2
18.744940107844762, -16.558218303647003, 2
-17.38749112066253, -13.277473983650705, 2
-5.568670318098857, -13.492046485760762, 2
12.139371153797965, -10.864827409755588, 2
16.149565063669634, -12.007231693175846, 2
-4.4401112614555025, 10.962539895821637, 2
19.094136250406088, 3.565165641020352, 2
17.209194731978734, -11.348116477825899, 2
-14.385861070860262, -10.856987608009783, 2
-9.497109838035655, -12.620081175597026, 2
19.79497783405459, -12.46871246277886, 2
3.5363929837727426, -14.855525878390626, 2
18.47820051956475, -13.03612777544943, 2
-2.4337059948401567, 7.842059113574738, 2
24.45317088005359, 3.197132817082327, 2
18.01564353630952, -12.639436411132936, 2
31.935752690976575, -13.037467000137843, 2
13.506838448909694, -27.570084049291044, 2
20.141946864815047, -13.078098532374456, 2
17.305064028574428, -11.402663060238767, 2
19.176501408252122, -12.200659989203254, 2
17.261441313592332, -13.045158824364425, 2
17.692777301302264, -12.46984614201553, 2
-10.80235450736291, -18.913264700359083, 2
-17.6927954923235, -23.188618459519287, 2
17.97447347841136, -25.93679524612097, 2
18.08366415917525, -10.28191571903652, 2
17.935514055968934, -14.30485809306995, 2
24.396149464490286, -13.004778209023456, 2
18.023806306718896, -10.067904010277113, 2
-9.807821483634552, -12.948961246968555, 2
32.69860983956175, -19.075795004407805, 2
21.36821754036062, -5.745687903511882, 2
17.345444963515614, -10.936247338973935, 2
17.248155374110954, -12.511370863144386, 2
19.066722450212126, -13.484161301725365, 2
15.863764626287086, 1.7082281161554302, 2
20.55869134527779, -13.083891825111547, 2
18.307999713904493, -15.94428967368217, 2
26.209126615810383, -14.907583575951382, 2
24.685461822541143, -11.525363382637694, 2
17.988862901704415, -13.995930828005402, 2
-10.230519560256024, -11.032485831053064, 2
19.13446665870361, 6.0762042351951155, 2
18.474254888815803, -26.23475143929017, 2
17.825195150471128, -15.910057875384487, 2
17.166361701100804, -13.286971353085857, 2
17.491677320959763, -13.318224268202204, 2
17.127042166473768, -13.385918292226211, 2
18.781443550330884, -12.792199652036473, 2
18.365228216146928, -14.8214452885252, 2
15.096900760218254, -13.021764827272444, 2
16.40046202904738, -25.55044712166773, 2
-7.732234492077019, 10.333023616310046, 2
31.070465414333135, -13.04916496517618, 2
24.077501062092093, -10.455947175960961, 2
8.138414025264561, -24.043361585242515, 2
17.841720773482898, -15.59656987534381, 2
25.69587573087849, -14.55915957445135, 2
20.895983590716735, -12.149165620749272, 2
19.63297391242882, -2.0483874846805072, 2
15.852504173288457, -13.957317842983601, 2
17.60227953832403, -12.231288734686665, 2
17.665192132276534, -9.160201064172195, 2
18.008548103330995, -14.221981153659357, 2
19.305015215311673, -14.989817496915967, 2
18.306955904129506, -14.019429601451355, 2
33.81984144328685, -15.253912679387444, 2
-12.356866013919724, -10.903097493615848, 2
31.205709180996635, -13.934102506661448, 2
20.666742478988724, 6.3975860886791995, 2
13.939282083358648, -12.869796294720206, 2
19.969382998095185, -11.895068405177671, 2
19.07830381341321, -15.270860958232777, 2
16.228399321150903, -10.73065896330792, 2
15.680638843597746, -15.71453010650197, 2
16.557704087371455, -14.408039851164027, 2
18.61518717148629, -13.244730332903103, 2
0.8207592312274627, -14.07334956269844, 2
18.001935546835835, -12.625244808651571, 2
19.556591517738298, -12.966149512348458, 2
36.7923012893938, -11.984405925402868, 2
18.061937858280096, -11.462988773641325, 2
-6.71672581023828, -13.630704923900664, 2
16.988332963174557, -13.205175256953305, 2
19.272260685737198, -12.042984442341053, 2
19.357722485933394, -13.078138535283571, 2
18.3397163617463, 6.549360051892236, 2
2.141820429806966, -12.206169764607846, 2
17.911482168654345, -12.992959171460312, 2
33.084511920983275, -13.003774652364152, 2
17.730916421696254, -13.441387613706091, 2
17.760383049699822, -13.288852631237813, 2
18.43009583258188, -13.58319159796099, 2
18.534106077332297, -13.884743432570092, 2
25.274404685519528, -23.409902704321055, 2
35.5900020339752, -12.68118872723565, 2
18.08261777817205, -12.933383737291827, 2
18.444527980844633, -25.60867997073391, 2
18.565161859566917, -13.411692476396873, 2
-11.655025028925472, 10.171380597917295, 2
16.4772089147086, -13.789439750509628, 2
33.997422168052125, -11.814646064524657, 2
18.011603920717764, -4.812264136000966, 2
19.266728309347688, -13.034952144442736, 2
18.280938280068007, -12.147375334127066, 2
17.897529956123016, -13.339189714547778, 2
17.979695969376134, -12.534796510839762, 2
17.940552683151157, -13.653193808753903, 2
19.71366137174323, -13.619989036777344, 2
6.234168893084842, -13.033592661113845, 2
18.015415037747154, -19.484580870021865, 2
17.607518781290445, -12.516780257555034, 2
20.37507155534458, -12.584394342998275, 2
19.709002175760297, 2.0226542318023046, 2
18.145534072903327, -11.66517287279487, 2
15.408381143655808, -13.086802186621794, 2
19.023955501914486, -19.787733152714253, 2
15.561652352742295, -14.888156544094514, 2
16.765247182885467, -6.019298094260503, 2
17.40237612203621, -8.374048289001404, 2
17.387021662433558, -2.164029001154894, 2
20.031922725497182, -11.941313678713684, 2
18.621426574194935, -12.276259517621597, 2
-13.062345683785804, -12.541848708125254, 2
17.23336759697938, -18.185326166053823, 2
15.989424927020242, -14.391194553455131, 2
16.423997310636796, -13.166765502200315, 2
12.475543210558277, -15.427810859642122, 2
18.022771702392376, -12.115747489459896, 2
31.450261316747543, -13.35351238801332, 2
18.641973811673857, -14.537537049126312, 2
16.914349611090746, -12.027598941088188, 2
19.652886321908273, -5.472650300537168, 2
17.390824184107156, -12.039329717963476, 2
-13.349925395266624, -12.211440733302508, 2
15.336076069073382, -10.04151703923893, 2
-3.345679949313464, -19.517730698085437, 2
16.848881594023496, -13.240377052363243, 2
18.621808178259716, -12.927622593400207, 2
16.0994212253624, -13.168795258196447, 2
-15.72243409573355, -14.065138575221345, 2
19.17737746393204, -11.696440365945858, 2
29.735126075025732, 7.150021722337998, 2
19.54598835315047, -12.201825268261752, 2
-0.035602386442274536, -15.331726870301225, 2
15.573788868152118, -15.978020510342757, 2
18.970836836236646, -12.145588302846786, 2
16.673435879223423, -12.324741562897804, 2
-14.40632297610209, -13.897353468849019, 2
17.444551552853266, 8.956052958830357, 2
16.086112597204508, -15.01642983005257, 2
18.926433287728326, -3.18148967711217, 2
-9.868148101481964, -12.464537633079932, 2
15.952451858120781, -12.609726325740873, 2
18.778038009102627, -6.58835901779017, 2
37.825027172774085, -13.315240111989613, 2
17.98051365702614, -13.495762626147922, 2
18.26763667694806, -20.62894515399674, 2
15.593029919575773, -12.783909980808827, 2
17.944583980764175, -11.244966738888818, 2
-5.0638222923958836, -21.6421348853305, 2
-11.985704310748087, -19.711976332412974, 2
15.761686403811426, 4.182956856850161, 2
15.215499924729222, -14.7126746944538, 2
21.038691775099377, 5.59676967339276, 2
22.606199133211078, -11.079931763973468, 2
3.6946205349447414, -21.356100125414095, 2
18.042195626127544, -3.3013565586527847, 2
19.07216684387184, -13.717555441249104, 2
18.085148687548333, -13.545117544036964, 2
15.91000390392769, -13.077541911208458, 2
27.233463855320323, -14.11671885136444, 2
19.44755599464299, -18.442960485191062, 2
-16.32046415852309, -14.273934494579247, 2
30.72587912427028, 14.779777244812287, 2
20.273632142155652, -11.814712339379838, 2
16.813644351051984, -11.895997350974845, 2
33.430758025946055, -14.671018976402088, 2
-3.352463569146611, -11.024238529660622, 2
30.85760784751362, 6.286694267197317, 2
16.72111773644526, -13.04311481228118, 2
16.268890219526075, -11.999659621297319, 2
17.070696746484955, -10.963070461429684, 2
17.99813319194975, 4.674358437115822, 2
17.89009400967592, -13.48591623957793, 2
18.212025429035805, -15.088480054963643, 2
19.13200488709962, -11.036315837568713, 2
-4.638451191320748, -13.95798031878327, 2
17.842179985089935, -13.966361047864506, 2
6.495227846312451, -13.083567686495197, 2
15.802921434310917, -10.170736155392433, 2
15.751328327548238, -27.58799174445771, 2
-15.263146080654533, -14.444265046839766, 2
18.52326305697238, -3.5301002994640065, 2
30.07449057879049, -12.54855679499336, 2
-3.637496106417103, -14.237135304821784, 2
-6.640205811678268, -15.908209247733007, 2
16.071254894776978, -13.472354427051176, 2
18.237639243244054, 9.48002469725466, 2
17.944245609395267, -13.023333420829399, 2
17.21654042846859, -3.721696198945599, 2
15.540288039769786, -11.53751794708592, 2
-17.973328237089923, 8.0268656521937, 2
23.58610647029475, 2.853515606503583, 2
16.549892784719006, -1.1230566287213755, 2
18.92879382645956, 3.966238403248358, 2
18.16876756331889, -14.046553474408261, 2
15.376704884484932, -13.611398360128938, 2
17.74645957098001, -11.19864398715714, 2
18.872931172188043, -7.252857527820878, 2
18.933162717689957, -12.564991661711542, 2
17.37164207719699, -12.834881321427972, 2
18.48133402281525, -15.647001123975404, 2
18.810570934048595, -13.344900655085334, 2
34.0812590186984, -12.762635909617536, 2
-10.114783214342552, -13.793820570327277, 2
17.22783514975338, -10.14488250746187, 2
20.043275132859442, -11.698222577047135, 2
16.46161551333838, -1.7760601413417572, 2
9.541478675864802, -17.858776020421057, 2
18.18089616078078, -13.650610469636032, 2
18.274655416741282, -15.243261925043244, 2
17.123341869173657, -12.784959570460789, 2
17.506598740710253, -13.536833388928676, 2
10.603686896006078, -14.849722415300818, 2
18.2876892051376, -11.766532211403357, 2
18.94524992006169, -13.387146715085327, 2
18.39214397047922, -13.344121119680286, 2
17.19976358086504, -13.906045177722213, 2
17.469839720503725, -12.088723614554807, 2
18.837110555851783, -2.1168876053633543, 2
16.63482422989826, 11.133758693865753, 2
19.755581217187547, -23.70882441671585, 2
18.151327798921088, -15.625370166704199, 2
19.276570352310742, -11.01395540739579, 2
18.299150949921046, -13.610553858960852, 2
16.191198123112464, -17.63212901477896, 2
17.76156380930445, -12.506120035357846, 2
16.518333326682892, -13.225651211839953, 2
17.491564754053385, -14.847740621796655, 2
19.298958380491904, -12.85099974526524, 2
18.73308060371394, -15.020962363872783, 2
31.313900084727713, -0.2798558406253715, 2
22.13996257127421, -10.406095465021043, 2
7.724756606421328, -17.612145171363977, 2
17.35386160145818, -12.957423946401375, 2
36.74755574735592, -21.194010309833487, 2
18.087326103158432, -22.93778508611487, 2
18.341280245567983, -14.114981379647432, 2
18.31044535353125, -14.996160127161545, 2
18.474569119971022, -20.841077102846448, 2
21.70060017270132, -10.42566305390033, 2
16.43249384201537, -13.325716850092343, 2
16.935760510227546, -12.404740318653698, 2
19.874387042552588, -12.105228957118573, 2
18.510354578469467, 11.240064994987815, 2
18.546440456987273, 6.617519189236923, 2
17.473368578456533, -15.73437615543173, 2
18.776086309832788, -12.850545332324764, 2
24.851337676535543, -15.627329954907044, 2
20.545538259518732, -18.602017722073874, 2
19.364248933867543, -13.96447276043255, 2
18.27835521258922, -14.981648058171599, 2
16.618177026292482, -2.8681254053023792, 2
20.970698604526383, -12.253250464647959, 2
16.421618909374192, -13.98819322377459, 2
16.54951973730192, -13.823531163689232, 2
-17.382877563158846, -12.5484696684265, 2
25.495959236385143, -24.00747839644987, 2
17.86235889683876, -2.904040207049057, 2
19.85629055858481, -11.709800072650392, 2
16.778074501563054, -25.233115071430504, 2
14.274708168749534, -22.120528177792092, 2
18.3120748052453, -12.96624578904988, 2
18.91789751533276, -13.592730747545218, 2
-10.009913962311963, -1.0061290488114736, 2
17.647130746887676, -12.717307371951406, 2
18.81383206033126, -13.556254507870554, 2
19.47164257729238, -10.608231499500224, 2
-3.8808071254381886, -14.501948065299619, 2
18.82546027687719, -13.8273024264846, 2
8.752515663694437, -12.97802153957733, 2
19.802752375429964, 11.710317810388105, 2
18.978815834482795, -14.150378935163964, 2
17.5093727981163, -13.440087624855181, 2
16.22542833913234, -11.003350985422752, 2
16.78225286169356, -11.123444506826043, 2
-14.183928048624264, -13.708707815175607, 2
18.000291173719773, -14.30956744452566, 2
16.2669691687328, -13.039134634496667, 2
16.927341554289814, -10.472121859685066, 2
17.702358058345006, -14.604084720119989, 2
18.174254297664962, -20.240469205091358, 2
17.931061230256358, -11.431911961860894, 2
-15.815431584446397, -12.138046195012993, 2
15.546119870873587, -13.447562098028557, 2
19.57053505750032, -14.693501421836089, 2
15.097759887450454, -12.312251273681477, 2
17.8440703595189, 0.4949174420863116, 2
16.030807056767326, -13.260166357839115, 2
16.916096478622695, -12.345066477531006, 2
17.14800417917901, -11.71609863144753, 2
19.021128706622008, -12.615635151929219, 2
23.062827221765684, -25.280899981572695, 2
-13.360501258412356, -12.523167466083098, 2
27.967006979575707, 6.833269850421679, 2
-15.19411805643442, -11.804102329823413, 2
0.6201238085125134, -13.050437794661415, 2
16.801828191790072, -11.213968987892441, 2
18.75842563909184, -0.5018886394769879, 2
17.971635902795512, -11.932750337651978, 2
17.89214713290999, -12.52587412080657, 2
-16.501658116541506, -30.935237777159607, 2
19.385288933465, -14.802374177713377, 2
16.42175610297659, -13.667456527294384, 2
18.00273441408438, -10.17295187069059, 2
32.235468336374254, -9.674356526841791, 2
17.65604673844644, -10.478782014424237, 2
18.950344320199374, -14.258468806884867, 2
18.34043512916847, -13.01744171120774, 2
17.614113871770165, -12.721796560103085, 2
-10.662480262881296, -12.80460955025488, 2
17.922928144885034, -20.641205928172, 2
16.69589242902715, -14.77831326357528, 2
33.809120442078985, -20.119666427664622, 2
13.39784011143782, -7.219450562269083, 2
7.204454038852123, -0.8250159410473206, 2
17.545869829343957, 5.476733189619143, 2
31.880782112945433, -13.296371494052162, 2
-10.83133475382811, -13.996882294670925, 2
17.686623469922257, -13.49979900830884, 2
18.381003261810704, -20.441810187598037, 2
32.129127323871934, -12.172377214180965, 2
-17.66339473507511, -14.777224430064924, 2
18.340665690878804, 6.593237333929832, 2
16.939784471523282, -13.002778560793194, 2
16.581849763131647, -13.467238367608317, 2
-1.1794667170470845, -14.041197759919445, 2
25.626006432044324, -11.852274196512466, 2
18.431030458335847, -14.12803973080704, 2
3.253341423507278, -11.380076581003205, 2
17.94654087122354, -12.98180895229629, 2
19.050031555656563, -22.78188274879338, 2
17.928561356087798, -13.324940452872006, 2
18.682130189554194, -18.237237721756355, 2
17.659170294094736, -17.969457284346056, 2
-11.268057928452048, -11.494568308159007, 2
24.255453734243922, -12.742048158179136, 2
16.490361271769792, -22.69524122007396, 2
19.722418368000728, -11.76431621409108, 2
5.323133947561432, -12.170656829973712, 2
17.898297246160976, -19.165353714633163, 2
24.360855513233656, -14.465722556390327, 2
17.14667886462126, -10.853466437959224, 2
15.372175724930308, -13.799929767626747, 2
-5.7408672117190385, -16.950849985372855, 2
18.265155739497583, -0.27251823467163305, 2
16.237365863408847, -12.990247292070867, 2
18.35130337237661, -6.9662997253460945, 2
30.246632402070624, -21.727214839486052, 2
16.061447342745566, -14.231363071164052, 2
15.353305442365293, -12.048136237868816, 2
10.029615842636806, -9.472665138056836, 2
18.03290887924933, -23.76981479414433, 2
-6.056230848609339, -10.634133043711357, 2
19.452000988683398, -12.94705958064964, 2
19.051552370139873, -10.5787178013017, 2
18.166458105718736, -13.893897689561504, 2
19.204600765263205, -5.418601470472383, 2
31.832049985122453, 9.276635731327955, 2
-6.361640437106596, -4.013644697099709, 3
-13.018142884117005, -2.786397281662841, 3
-11.553780284309095, -1.7567249788437111, 3
-12.09026956036176, -4.807866301323486, 3
4.68084309833335, -6.051395730202193, 3
-10.754578647917977, -3.82494971929779, 3
-6.941832188264937, -3.869477177413951, 3
-13.82610223733027, -3.532427780127849, 3
-12.882045216827771, -4.08109574537465, 3
-12.137335482770055, -5.184264986351801, 3
-10.485971969912818, -2.399822596422243, 3
-16.270391029870236, -5.218389770978047, 3
-10.225468271592442, -0.5292263873679222, 3
-21.23332795213924, -6.357220976795295, 3
-11.279006730550767, -3.3245074385964664, 3
-11.706165403690527, -3.0311404885986883, 3
9.955007239170339, -2.0282587270924335, 3
-13.003717589126888, -3.7938857422344725, 3
-12.09487023304205, -2.513806147220081, 3
-10.300191504206992, -4.14127889073542, 3
-12.569940073877936, -2.7829761870550467, 3
-11.254566407326381, -3.931137206115608, 3
-11.997645763191574, -4.415595766179708, 3
-10.749245928083086, -3.5862960967066795, 3
-20.28225373403954, -4.188253126249371, 3
-10.927720414509213, -4.3804701766426755, 3
-20.63169304222926, -0.3836953180800178, 3
11.118486638044175, -5.065522897789465, 3
-11.066260688344437, -4.068134140965575, 3
-9.276964020340426, -12.017678241320155, 3
-9.584827886455413, -5.756233514664412, 3
-11.34504831865456, -5.537309021615914, 3
-11.379851706867056, -2.0737733240121, 3
8.185037592435705, -3.3062844744772697, 3
-11.011107259107922, -5.610335800881695, 3
-11.098357789148038, -4.199767071919032, 3
-14.545041509750966, -2.2307523306781234, 3
-10.837947346427523, -4.050979791579486, 3
-9.431381224596668, -4.597955686704718, 3
-10.847376210581567, -3.4387360246174423, 3
-9.588551750958974, -3.5601472435833066, 3
-10.355863522207553, -6.612529704071123, 3
-12.002441058398025, -2.3969367859183066, 3
-11.408744087441056, -1.175934220047452, 3
-16.601701507924876, -5.750599590586739, 3
-11.680055707120133, -4.12267559374439, 3
-24.85943522879898, -3.063522521873475, 3
-6.04999055854204, -2.9411896093279886, 3
-11.676704079628422, -8.88779855693307, 3
-10.686745475220215, -1.3125661927344834, 3
-9.353001509642615, -8.502533218037009, 3
-10.303776682063289, -4.493924651332499, 3
-8.146343943526713, -4.562679367339637, 3
-10.921628209399303, 2.1432699966621422, 3
3.146511712300324, -3.953064276337242, 3
-13.876749979223877, -3.638606845408342, 3
-12.134901135928391, -7.337261122137098, 3
4.340314379060736, -3.3064075450872625, 3
-10.160524358282611, -1.8251705711210326, 3
-10.230394651555033, -6.594996360358545, 3
-10.191369410921713, -5.461989295366875, 3
-10.595740995678204, -1.7865962645831415, 3
-9.085779496704253, -3.9908377598134166, 3
-5.822232741651896, -2.0373374465092184, 3
-9.732779650121698, 0.32185995409624013, 3
-11.254610803720404, 3.30757696000131, 3
-3.515176766454535, -3.5807505423584094, 3
-11.02858683181818, -2.571738100145479, 3
-3.9164478192311805, -5.617191222819709, 3
-9.174849443402413, -5.93103976300086, 3
6.818009385978332, -5.0912564107115434, 3
-11.433828607291113, -3.4503013281004025, 3
-6.407477363417467, -4.7097247194425504, 3
-12.919884184869318, -4.387897048263724, 3
-9.711043883825397, -4.047077093620143, 3
-12.107745449283536, -4.819150592286867, 3
-10.205456568809682, -1.4949781369743103, 3
-14.720829634743179, -1.8570851874715295, 3
-11.419307285317153, -4.695730615090605, 3
-10.443958424470832, -4.207111059357721, 3
-18.29459124453587, -5.246832450250236, 3
-8.860105493855878, -6.363139194993847, 3
-12.789142292014825, -2.0748386061655224, 3
-14.747342641865147, -5.03410277036718, 3
-15.782489767587462, -6.8443291738383785, 3
-9.139363380658793, -4.837379250009922, 3
-10.700526744635825, -5.644844178531991, 3
-11.26167718535838, -7.489130660380929, 3
6.361166873043494, -2.8761699215800642, 3
-10.696165354596534, -3.6716219822167355, 3
-11.558873536427186, -2.579954519733499, 3
-9.986560826454504, -4.1197413747665435, 3
-9.728264380654483, -10.958454420688863, 3
-6.289054565312987, -3.836698196723314, 3
-10.515387498340237, 4.764777148403343, 3
-12.808711252797307, -1.961453633202534, 3
9.98535791550679, -3.063394870254423, 3
-8.253805152393785, -3.979784323525258, 3
-10.274901489824634, -2.5719883231567984, 3
-9.105560216747394, -4.181794520068581, 3
-9.22381046135659, -4.675090069788702, 3
-10.89047706637117, -2.9930904728948984, 3
-11.147005401655347, -1.3101950619943623, 3
-20.451055466021607, -3.8153165306981505, 3
-11.402950044728769, -4.4186073659773415, 3
-10.108600816431048, 0.7361507063481811, 3
-1.5485539899045992, 1.4348408225812634, 3
-12.100090535464444, -4.143986220070866, 3
-11.630424686797742, -2.369976717710067, 3
-17.47347473888964, -3.339746878702696, 3
-11.40259674705967, -4.237480554368192, 3
-10.124478344418687, -6.108171979878207, 3
-12.385862388147153, -6.689268165736678, 3
-11.792412981684135, -2.248679168746077, 3
-11.823743596104872, -4.092840136245913, 3
-12.021960002899645, -3.7670416160870586, 3
-0.2127879294993651, -4.015066285428435, 3
-10.704626294828216, -3.625433383960107, 3
-11.977575813956188, -8.44906881071067, 3
-10.759047718952734, -7.62633050943429, 3
6.879012131846666, -0.03623397192184896, 3
-13.13342257526472, -3.6161186609149727, 3
-11.946469479958063, -5.107947165589591, 3
-10.101427637076968, -2.8506627431061746, 3
-11.902577248532818, -3.849740059844444, 3
6.317798608717476, -1.541672023530071, 3
9.661847918241214, -2.977239770058537, 3
7.7730135462181185, -5.036427524697457, 3
-10.508225988451711, -3.3944865214984956, 3
-11.267783483640605, -6.394898377002208, 3
-13.508032862995952, 0.8624589480286726, 3
-12.22215266507851, -11.438497134599569, 3
-11.553806534675525, -3.786333959144396, 3
-9.967748968948927, -4.948542168783702, 3
-11.849264880262615, -1.0905943351214007, 3
-8.600497061492858, -4.494537134955768, 3
-15.473650680064317, -3.9388287738611463, 3
-9.353239528197696, -4.5585935230815045, 3
-11.395080108589282, -4.292178177866003, 3
-11.303879081949848, -0.2768890470389671, 3
-19.516152479576085, -4.499530475543435, 3
-9.775329200430782, -3.95141481236926, 3
-10.52511919815628, 2.8685371325917144, 3
-19.37059557151187, -6.773031393462887, 3
-8.593683033803794, -2.8538362860874367, 3
-11.436436204577902, -3.0326624355499323, 3
-8.388352100371772, -3.2016315686215138, 3
-12.439211474500569, -3.9901391883363075, 3
-10.297466622300622, -3.132835046593668, 3
-5.663440209673747, -3.7121402728349757, 3
-14.486838481846334, -3.286488112930864, 3
-10.458523981623912, -1.3508728675740675, 3
-11.250116257814957, 3.3076623346737923, 3
-1.5289355055312495, -4.037618778080983, 3
-9.865457649858698, -5.229339826308159, 3
-10.004052488292778, -4.468995494790673, 3
-11.036186162402084, -2.781784566506072, 3
-11.14353919874735, -5.560578217327866, 3
-10.987717140476061, -5.876246832465981, 3
-12.696266382109743, -4.550809493035108, 3
-5.485940685454919, -3.307597606266959, 3
-10.8438230621551, -5.500216743302418, 3
-4.616928879219147, -4.500149641251031, 3
8.72457376128936, -3.8381903080362085, 3
-10.314048338519747, -5.669934714465099, 3
-15.818996713372002, -6.777576344341849, 3
1.133566773522455, -4.654849470648792, 3
-8.79177446529194, -2.043125809969921, 3
-9.82144669520634, -4.795898382430651, 3
-8.592490052921933, -3.8565367123546617, 3
-11.178360623488905, -4.632571149127914, 3
-6.004454826196439, -2.1155413497494795, 3
-13.570298803868443, -2.793617191374907, 3
-12.345106797633015, -4.9402863217971875, 3
-12.299025549391775, -2.0257239644552727, 3
-11.558589404490768, -8.887210101515493, 3
-10.964722824802003, -5.154527335585366, 3
-9.350309095080535, -5.633266842018759, 3
-10.977659885258452, -2.2081801132132046, 3
-10.042279164968594, -4.567487819027579, 3
-7.153685770709606, -6.050672347178269, 3
-12.837679635703896, -4.496696008351499, 3
-11.464620359137353, -1.241785219824461, 3
1.3439496381907148, -4.097201637787683, 3
7.723669147564063, 3.2393636028341732, 3
-12.504856566127895, 2.0762577972058622, 3
-11.070027997438281, -7.267956494593226, 3
-10.415887797156048, -4.984253541553601, 3
-22.395968390425626, -4.310166074906326, 3
-11.025166349450968, -1.7705693242633305, 3
-13.706351731915753, -3.0142379947666846, 3
-11.00819887982472, -4.028061982818231, 3
-10.760112911418785, -3.449044788470454, 3
-13.75520828245543, -4.909641257747234, 3
-8.802620029712944, -4.037495043795667, 3
-0.08404845506754732, 2.062254665205489, 3
4.1313299045233265, -4.404441859438216, 3
-12.16700984619275, -4.513108669558672, 3
-18.689550916338078, -3.9092904960422605, 3
-11.533865558350115, -4.526036159314172, 3
-14.54358135541523, -2.315271617266422, 3
-14.795025096748551, -1.6357409858428293, 3
-13.62957094048582, -4.068548382161659, 3
-11.254908612766725, 2.6395228068044982, 3
-11.743553706939602, -3.890902776139279, 3
-12.462539002478014, -3.8988053825299804, 3
-11.829029849625806, -6.435368851108477, 3
-11.78623371622074, -4.848474288182858, 3
-13.264868055425385, -1.3170911853501206, 3
-9.802218518034998, -3.9638702492518085, 3
-10.48301159913609, -3.648275030026153, 3
2.032928559625839, -2.675757077719865, 3
0.26445937905672423, -6.018986607033512, 3
-10.260290327089782, 1.7965576756284705, 3
-10.805529703263826, -3.376235242414478, 3
-11.04363857392543, -2.6933968189949855, 3
5.032885350143896, -5.728632319334588, 3
-19.95307090585127, -4.0840947907775345, 3
-18.03553827837025, 0.9374322562249451, 3
-9.416888189092123, -6.182289294146958, 3
-12.433408777824107, -4.812733676432849, 3
-10.458682320153171, -3.7521458578951337, 3
-11.80820522372757, -4.527397345286863, 3
-3.225608270119184, -3.6742560408504588, 3
-10.728344291256688, -5.3819894612916075, 3
-3.4373608862482268, 0.6862701730675966, 3
-12.35574407208243, -4.269533802515039, 3
-10.161007223619418, 0.971079907995696, 3
-19.965334721657854, -3.897300168396918, 3
-11.683373705083842, -3.200503771930115, 3
-11.101383828088958, -6.063434130060237, 3
-8.397386164756819, -4.6879810447483035, 3
-10.394902268523252, -4.155856114313912, 3
-9.204342897274657, -3.1444174485433285, 3
-10.894567137548036, -4.732733743597287, 3
-11.457832331160322, -3.8012536703121427, 3
-12.894447861261536, -4.4441372535177015, 3
-9.769005380266652, -4.501413153428309, 3
-11.746644538143846, -3.0215794368288575, 3
-10.707716533946535, -1.9296803953489805, 3
-10.044892369682389, -3.773694986850726, 3
2.2864195349161065, -6.665773849383594, 3
-10.544249155784108, 4.1791653417457955, 3
-23.04941115917957, 3.200125518823686, 3
-11.048539472965254, -0.9844380178591239, 3
8.609641040853596, -1.2428960612107232, 3
-10.697015957085013, -4.900412632682779, 3
-12.150996163834257, -4.920904468018024, 3
-11.07233919380233, -3.573428830892226, 3
-9.15217717236455, -3.9197212874833505, 3
-10.879103070994915, -4.829446999921995, 3
-11.24582328311821, 2.247886542319665, 3
-10.025086332282783, -4.241872763793336, 3
-11.442139709627218, -5.034964541610699, 3
-10.61733922596785, -4.485003925539446, 3
-10.367951828723518, -4.00612084702667, 3
-10.429588833600691, -3.9391391357726055, 3
-9.527265285232382, -3.793228595956899, 3
9.384076953685843, -0.6452205669924469, 3
-12.722187592392249, -4.130542471067213, 3
-9.388289499098608, 0.3131175689698624, 3
-11.620250849327967, -3.0960122446855634, 3
-6.1508072534554685, -2.0291625056096882, 3
1.935400616782184, -3.803668620075352, 3
-8.577394377783751, -1.7377649258852403, 3
-11.285306852757222, -2.7630970019272656, 3
-1.0531579354058564, -4.10258523288964, 3
-12.316753650069764, -4.370484913077832, 3
-14.246602506406422, -3.0516503269500714, 3
9.24879441251128, -3.866129912687118, 3
-10.933040070664624, -3.8196566223899504, 3
-22.276564987417593, 0.6688906044178382, 3
-18.63764433879281, -3.3676910119917367, 3
-19.854604944539844, -6.062025477791774, 3
-9.665457707340083, -4.715075167189178, 3
-12.332312360478044, -4.490175531665912, 3
-9.54514973413678, -2.2363063993930306, 3
-10.394263734208092, 2.9557459514994293, 3
2.547008509673768, -1.6788045262451767, 3
-12.259784457428413, 2.243128619211877, 3
-10.139383014653575, -4.622160008287243, 3
-0.3578766311004511, -4.459930442232039, 3
-10.37248375745928, -3.816035697753837, 3
-10.92235236826058, -4.596552620768323, 3
-9.988045219145931, -3.540537788086998, 3
-17.33647228054454, -5.116742086677169, 3
-8.167177814185404, -1.5327505603152631, 3
-10.481575448975901, 2.198222110791792, 3
-10.685722809784282, -2.0928884699675736, 3
10.14938870837718, -3.923048516971442, 3
-11.407460056025053, -4.000777166761754, 3
-9.381474307395052, -4.9715499980393805, 3
-12.613427004054495, -1.7303383800553949, 3
-14.170118933717376, -3.8616612932992287, 3
-9.38151609265155, -3.946907832509088, 3
-11.725088944830548, 3.906833075137711, 3
-12.042240021175243, -2.2590974525049945, 3
-3.6522964379706835, -3.6739560705053464, 3
-11.372484020339211, -2.405968438566962, 3
-10.419526898481603, -5.110727577269213, 3
-18.56484147426921, -2.2018676899328495, 3
-11.247455006427227, -0.0015080369325239928, 3
-11.074091034607566, -5.363514763281714, 3
-11.078849713473934, -3.76439366263286, 3
-11.005743538430739, -6.704079174634811, 3
9.96164080284253, -3.2966315583894064, 3
-12.959851912678669, -3.979425802112024, 3
-10.490190149825551, 3.132641058331088, 3
-19.14908600106418, 4.227273498986676, 3
-13.148176114640092, -1.6855295847575444, 3
7.192585102399121, -5.200791411908403, 3
-11.187326005989888, -4.0080002116541875, 3
-10.661534895327145, -8.91499650944462, 3
-12.370338445020682, 1.1980436982947564, 3
-10.744391398554413, -4.7258941780939345, 3
-11.25413770786743, -2.9929463611026765, 3
-15.972531319924736, -4.022490465244334, 3
-9.546332615541788, 1.8030698751777132, 3
-12.00955977595644, -3.9264240815960614, 3
-15.440371289763341, 1.4349152323508916, 3
4.998921655221416, -6.395470939924177, 3
6.442114697418461, -5.886193158981918, 3
-11.230386181543743, -3.9366589296690164, 3
-14.992728368397783, -5.2176207420393315, 3
-14.085779713032803, -3.0734828321683274, 3
-10.541418682132363, -3.896291899303059, 3
-10.94832413094711, -4.484397354594208, 3
7.865095202461353, -3.9604590033966836, 3
-11.801153813591304, -4.799067145948078, 3
-11.726307445882611, -4.483358450926278, 3
-12.684143542566504, -3.582965018366792, 3
-9.837650717368758, -4.082536162135552, 3
-8.914637890811616, -3.3926324674749413, 3
-9.445890520875878, 2.0280564438999713, 3
-11.896761722675356, -0.7123339492114771, 3
-12.22095884464623, -2.6006801112160565, 3
-9.928217698873649, -4.165684349954095, 3
-17.92854815529114, -4.067136182115972, 3
-11.125472358605197, -5.174431068219823, 3
-11.731177043237242, -9.177622701867914, 3
-11.816728685262934, -4.348107493593193, 3
-11.870235175997133, -3.4931716294846717, 3
-11.139938193713178, -3.3162679295174806, 3
-11.093286347302994, -4.394972908942351, 3
-3.1916844231116457, -6.205092080349765, 3
-12.87795838126282, 1.2593041972835026, 3
-9.323438772327528, -2.382704852038549, 3
-10.671422673099883, -6.0061508729805775, 3
-11.303852709807385, -3.3642210517325095, 3
-9.964392023857734, -4.496321431348019, 3
-9.707689409333062, 2.0601811072230434, 3
-1.275474694765947, -2.331855757024587, 3
-9.478553253796816, -5.977888060019864, 3
-9.029565532846979, 0.6776116023697432, 3
-9.223232864402481, -1.7321116623072779, 3
-10.695655569581467, -3.9037839408665773, 3
-11.54464205219087, -4.490435758002555, 3
-11.99616172194886, -2.9203763890597028, 3
-13.252074655420472, -2.5537243022583285, 3
4.186133010250883, -7.349568965516994, 3
12.405366149125431, -5.058374203893727, 3
-13.96751297491669, -2.5116362249156943, 3
-9.37706316404394, -6.0450407045562065, 3
-20.13735476396796, -4.349068923385134, 3
-8.83881787704621, -4.008355832425167, 3
-15.824381782291429, -4.940132510090875, 3
1.829769365490776, -6.856902908730863, 3
-10.868970971221152, -4.247587232048344, 3
-11.470016748949094, -6.485741812304887, 3
-16.26124780546203, -3.5171592565630934, 3
-10.130299727122843, -4.270567376549614, 3
-9.151663085782916, -0.490363106785201, 3
-13.801473772607988, -3.473583450669684, 3
-10.434508647437957, -4.5055534765183625, 3
-13.921763913596259, -1.8970696931259776, 3
-20.94630908678676, -3.3004886620273446, 3
-10.934030285731799, -3.4848933996836617, 3
1.6910461760753126, -3.9922973967721607, 3
-21.809339048618426, -4.3256981850577825, 3
-6.3010545619665885, -4.964242133177823, 3
-6.445808166235034, -4.984308430395948, 3
-10.990755770776612, -4.272989609704836, 3
-22.35383918647168, -4.823904777590496, 3
-10.264723002520892, -3.5646902498617536, 3
-12.48378968912221, -4.393581241962951, 3
-10.494891115145345, -2.3167036575011246, 3
-10.36315222158677, -1.5713391892818578, 3
-13.102036553258586, -3.9329496025712034, 3
-11.511693601014167, 1.4281630416321, 3
-14.97052983551161, -2.812480010662666, 3
-10.773876538068862, -3.787661578776161, 3
-11.088608913603103, -4.639953069453182, 3
-10.894176074286221, -4.814557460434353, 3
-10.247821286516585, -5.896317534172396, 3
-10.92473154971421, -4.507620915574621, 3
-10.24194715016754, -5.549263048740435, 3
-4.293728320779409, -4.178403399210328, 3
-11.468925066393231, -3.2935475014426454, 3
-11.563141757680969, -3.2770354082594597, 3
-8.610339427195978, -5.57408436254045, 3
8.721636084356058, 2.3602362269236274, 4
3.021083072041969, 2.4314997470430866, 4
5.444305902517065, 0.8715724605386956, 4
6.796520211289693, 3.7100517965428486, 4
8.892546998876604, -0.3010084149680128, 4
0.3155557983316033, -0.23308196978035034, 4
8.037771387356562, -0.10310973226205755, 4
7.904981266478436, 6.766642926661498, 4
13.778665792759806, 1.4646880412853989, 4
7.743868065922989, 0.688054398454498, 4
15.382000339732093, 3.117474341497605, 4
8.39846767273556, 2.3296432722628673, 4
8.48985719410191, 2.1312375939138573, 4
6.1693375793455, 0.1370743360045204, 4
7.765373299246671, 3.631703720067935, 4
8.225280995158359, 2.2013384110313026, 4
8.299214619251392, 1.3710012681350796, 4
-7.884720373387275, 0.03917784482894948, 4
-7.413294560048174, 4.244782686685001, 4
6.608306162260033, 2.8259811979817577, 4
-2.306233777601154, 0.4310427342513201, 4
7.0485716877711475, 0.08882222761084935, 4
10.332297825256745, 1.5334687586310298, 4
9.890078949166234, 1.6640508520977286, 4
9.204105641563835, -0.5720399634067954, 4
8.014715508482702, 4.877443153661593, 4
3.04847408486713, -0.24983711671241604, 4
5.723547439756162, -0.8549298439219091, 4
14.55143905841285, 0.943323879181132, 4
6.27915539396494, 0.10822340060212965, 4
4.860901215457656, 0.09557450488336139, 4
8.722450234515202, -0.22626415288128987, 4
4.180904349690143, 2.0265831445860027, 4
8.081458875279282, 3.2051068747622535, 4
10.834142877592482, -0.34702654686689893, 4
10.19960994150391, 1.0212711329170125, 4
10.318319742924471, -0.44977434747552136, 4
8.575607808992741, 0.562340910717021, 4
7.811906203541451, 1.3628310214372048, 4
10.603671675088442, 2.4935718533939237, 4
6.939505723488092, 2.34808363925402, 4
6.911667914965393, 1.4091742962323668, 4
7.632899581204065, 1.4526604644760868, 4
8.200275439676519, 2.02917220310242, 4
8.428639275591726, -0.03820243053928246, 4
7.834313150534738, 3.277456483478548, 4
9.27125330102957, 0.9910438652543467, 4
7.882469047833867, 0.661096254584639, 4
8.931682930158253, 1.873987089991162, 4
7.514761653032137, 0.14005844650072974, 4
11.595243203632053, 1.5447194765983767, 4
6.022692618363451, 4.439075901783323, 4
6.666022316943017, 2.3917060933947116, 4
8.493116934104195, 0.695750668577217, 4
8.404843245767989, 1.4282185244013959, 4
6.614442250223258, 2.2510586390789875, 4
13.036177049820827, 0.00941615278806407, 4
17.104873263657687, 2.9832005331392923, 4
6.128436265511613, 1.6644638095710769, 4
12.922673893460733, 3.648701283978112, 4
-1.9452728459132889, 2.7102886616174984, 4
7.642293081522533, 0.8986172075887537, 4
-8.030548127184147, 1.5088631343141499, 4
-7.656719998546084, 1.2326482985080003, 4
11.605550926143724, -0.022129724951821306, 4
8.374815460887964, 0.7765947315778821, 4
10.543240057088873, 0.5875956860934299, 4
7.538864968719237, 2.25512015925155, 4
10.015850197239851, 2.4877446423638423, 4
12.016365832306578, 1.3575151936762513, 4
9.2580776258751, -0.5889199358632515, 4
8.903639578319542, -1.210523705375387, 4
7.858509583776454, -1.7067155431172503, 4
7.322733736555845, 1.6287332605296418, 4
8.745272388084153, 4.157011518932456, 4
8.177591559317726, 4.818234434211071, 4
8.132038775339275, 4.05818902918999, 4
7.247870344540419, 3.706416703029085, 4
9.59981895734864, -2.832266338734458, 4
5.452728431574815, 0.020737100772003858, 4
0.6345797061918752, 4.570797672902961, 4
8.389575455654168, 1.4912432303764733, 4
7.0861239647080065, 2.172258888331867, 4
5.228686256060976, -1.8296632795891519, 4
7.6283449621505275, 0.7396384165445828, 4
7.413037100051362, -1.1385446193379247, 4
7.510004081466458, 1.8432619548938187, 4
8.251353644356142, 3.9702631445239285, 4
6.487641639637378, 1.9690159007338326, 4
10.459298283781004, 2.061423245315723, 4
2.5858600830028573, 0.2891577979118435, 4
8.561582071874922, 3.9436415537511413, 4
0.3728283865791564, 3.1676071454964, 4
7.966518398883856, 0.570322964615763, 4
9.139124526828201, 2.0201794054573554, 4
7.864424960932854, 1.3201611143259835, 4
8.828070416681758, 3.692556000312096, 4
6.766463556442757, 2.534370815879153, 4
8.711269837136777, 2.6431888182118684, 4
8.490663890925324, 0.916615281491963, 4
7.574708711795502, 0.2179125630416, 4
12.180192865108584, 4.354053267765996, 4
13.814359970055957, -1.350144373264487, 4
-2.53915733928757, 6.064139737969932, 4
13.248663938400169, -0.19650626401281768, 4
-8.856604585229924, 2.310351048793157, 4
-0.6070282095152582, 2.779957699676586, 4
5.7653368743603455, 2.012060462343008, 4
6.586162188624587, 0.14780741713442436, 4
9.8808735682564, -0.02165012403740547, 4
7.155070419259345, 1.5714250364686229, 4
7.029018534247933, 2.6904341438501738, 4
8.203185058488252, 2.108453336535281, 4
-0.6270241188518222, 2.12364218663775, 4
9.463559174157472, 1.0234244496988327, 4
7.781911775544786, 1.4957446450366185, 4
2.328785928905803, 2.2347316246979436, 4
9.138965221231897, 3.056743940802961, 4
10.312748468228147, 1.1772268159840622, 4
12.587952220457456, 0.705087208047197, 4
-1.135825890980886, 0.1715160210872721, 4
9.582728388453774, 2.732752718180913, 4
8.748644996432894, 2.38508863742757, 4
14.248643860650436, 1.5726988665743704, 4
10.791945728222066, 2.379618451997992, 4
1.4031041565212314, 4.330059170200722, 4
5.194707991819691, -0.5066022338628828, 4
7.9944934427354735, 2.563399192931937, 4
7.838655033281806, 3.037893474293205, 4
7.433885834949345, -0.11497981867612728, 4
10.070371404913633, 1.3775108740647775, 4
11.809478723039904, -0.4084630433463359, 4
8.188751158087182, -0.048896535348897374, 4
10.400611816487942, -0.23639323641632126, 4
-4.300133910085133, 2.1190067877764083, 4
9.88355211266145, 1.285120163806827, 4
7.352890142899366, 1.766931401229932, 4
11.8964438441064, 1.3805525479346081, 4
7.99545192154725, 0.08925294075704993, 4
5.644772212002527, 1.3659741418937714, 4
7.4008836992646465, 2.771003115800283, 4
6.477399412527129, 4.093724884492213, 4
11.913497338196947, 2.3948743842966587, 4
10.794430558058375, 0.9677702549283225, 4
7.9633894165919985, 2.6647202519363673, 4
-4.478400685092436, 3.775238372162956, 4
-8.954698339661057, 1.948486177766763, 4
12.601426950495169, 2.622047401556087, 4
0.5163264774357481, 1.216715906067606, 4
5.683088517163803, 2.697406873033703, 4
3.7714645076594504, -0.6820005458530778, 4
10.297207156358922, 0.028369439613040948, 4
16.499934291488874, 2.94398106327782, 4
7.879030152254246, 0.7552939389332228, 4
7.570205262647937, 1.0256997385819115, 4
9.514826054785942, 3.6379884979517225, 4
17.881272668290244, 0.2286510860978015, 4
8.10958868344481, 1.2141844028669455, 4
7.894618600294406, -0.1777628696457645, 4
12.90712438307483, 0.4635464771724376, 4
7.163647810024569, -0.7726950844798424, 4
-1.0560597965704543, 1.4651741620536423, 4
7.852520446665811, 3.1540828394369296, 4
-4.220293391274291, -0.40461111601554656, 4
9.983814902722024, 0.24615230216286127, 4
5.059096609742709, 0.8465982845147362, 4
5.061612033246348, 1.1002178138134866, 4
-2.7460108888965813, 2.7804537396640594, 4
7.871652663013976, 2.0133991873760246, 4
6.745693847703719, 4.0803081275017, 4
7.642202994363119, -1.3352083526739467, 4
-5.889464933670345, 1.2348630063255976, 4
-5.653092473526515, 2.6537401335920396, 4
8.6001513954228, -0.44769387957710194, 4
9.24041736379731, 2.8941691607552045, 4
9.009926760638665, 4.390531483973187, 4
9.756577006251003, 2.1294844249248954, 4
6.672084371604069, 0.13332224962180272, 4
8.30403907251087, 2.5052991939920064, 4
8.991655473878296, 1.9404446263188695, 4
1.6156252246935843, 0.7891410676310162, 4
-5.683709416969808, 1.706573557216445, 4
8.189634027505914, -0.5881520820804278, 4
10.15512387812813, 2.683607482392664, 4
7.361507635814548, 0.17155090145693097, 4
5.44556225744952, 0.2012131712406442, 4
6.303257594078016, 2.3400643748744376, 4
7.13812053592811, 1.8406571154937237, 4
-3.9725323580189347, 0.95460407074591, 4
5.614413006566787, 0.5930854228447346, 4
9.983920740718874, -0.3510088616532765, 4
8.038912883114994, 1.9505385987584551, 4
7.670861425233591, 2.9699197671797113, 4
6.589394053846811, 2.0115526508494033, 4
6.877265263371777, -0.24745223530239302, 4
8.4350909946136, 1.6201596266733704, 4
2.896916242750737, 4.841975411836886, 4
7.660287113277922, -2.182360007058046, 4
6.382793207010369, 2.7772497614679192, 4
7.376981450478539, 2.389343160127962, 4
8.449530732910315, 4.745227871750669, 4
9.91254547190046, 2.2475355560258543, 4
7.853445955523699, 2.1197184864072316, 4
8.36550332672838, 4.286919044393346, 4
8.266146735878076, 3.6432967660114297, 4
6.871448782992939, 2.56102927371712, 4
-6.084476371185234, 3.2020496434687606, 4
6.110157912806732, 3.5356261762935324, 4
6.420793131908406, 4.419758247981738, 4
6.491808852478012, 3.4525916327016493, 4
8.385513051058917, 2.226169608060038, 4
8.31997196630785, 1.5126792491067094, 4
4.855903753203808, 2.8284902826071856, 4
5.527802590887912, 2.1039957598845302, 4
7.011692665040083, 0.5953315472157952, 4
8.436837081145452, 4.702330810472292, 4
6.946601182898721, 1.865039310675724, 4
8.516615573705852, 4.0257088267305665, 4
9.053379312463363, -0.3532670249231744, 4
7.821514574826027, 3.0121244281171444, 4
7.302996461265771, 4.778825318336028, 4
12.277278266114587, 2.5587374676917074, 4
9.249838513690793, -0.1239605816654219, 4
10.062110928648782, 0.9669371485682483, 4
7.338438642935851, -0.5149556521040335, 4
-2.4599007612403163, 3.362724525024292, 4
12.28466916718165, 0.9278518715025688, 4
9.668691163939105, -0.7651047352311089, 4
8.194121876267346, 2.6510325720550987, 4
8.619123985395744, 6.653653079640584, 4
12.210816880365233, 3.365627843277596, 4
8.13305660670183, 2.1250793215172825, 4
6.982576905123142, 1.6168049756830756, 4
6.661578618658804, 1.0791644243359793, 4
10.674974199589606, 0.38589671531376313, 4
5.238808837400806, 1.8912868695352303, 4
15.058184592938112, 4.197740932068546, 4
8.896989213207853, 0.532559788766745, 4
10.301015064625485, -1.257219526800065, 4
-7.64645508759574, 1.8377612770047145, 4
7.628151714226436, 1.0573645355427481, 4
8.235584623524703, 4.135946883908467, 4
-5.83719465738036, -1.343689178930881, 4
9.636617037262063, 2.3457032231433708, 4
8.038967390625656, 2.9108979562791943, 4
8.529903540924598, 0.20373848034426167, 4
9.434317355217354, 2.445619547844799, 4
7.982442895343083, 3.0956875489769833, 4
9.16444272251943, 1.6962905900407046, 4
8.416411808231285, 1.7949182276350106, 4
6.744160647198951, 2.0513850309576958, 4
7.018906424411033, 0.10144587463716027, 4
9.186356227835907, 2.1075269676665895, 4
9.952373230651963, 1.419456127370417, 4
8.797777083095589, 1.0913548672243434, 4
5.909682301884846, 0.48294585155053116, 4
4.859434224577923, 2.5992476019143993, 4
8.325427957284855, 1.038782726962062, 4
7.777573561328497, 1.3679241043313317, 4
7.934745707835984, -0.5910489416735143, 4
8.250164025175348, -2.707165269373718, 4
7.991117902497824, 1.7923244560187017, 4
7.711323694634938, -3.2646172837808303, 4
7.347544216883765, 0.21596728190741674, 4
7.870447297463063, 6.939556713973765, 4
8.729855813311163, 2.9702347203820936, 4
5.558272692748522, 2.154358725535712, 4
14.117651806247196, -0.36072595460389767, 4
9.831674259635502, 1.8069016962146152, 4
9.686451926427189, 2.8150148311354757, 4
8.272382086854405, 0.5968499194852175, 4
9.409177476895511, -0.0996689352035931, 4
10.27040335593819, 2.857349205073016, 4
10.51550089643119, 1.0151321365948363, 4
15.950360395667364, 2.397254450646909, 4
10.409303695490028, 1.2911510286576924, 4
8.21387128109539, 3.277275132928611, 4
8.539754821809089, -0.8040039928858262, 4
9.971268958690139, 3.7968337982043687, 4
0.08601729425311433, 0.1439298062621553, 4
-3.6922234839990047, 0.8331706114220285, 4
7.691783032777273, 1.522990972034231, 4
-6.965327090137215, -0.5629319501329639, 4
6.969228523332387, -0.104629332249909, 4
6.423369565971466, 2.026937559903689, 4
7.632656313436502, -2.062701647532303, 4
7.921667470501829, 1.5174070557040273, 4
8.664357195623921, 2.3038336824248753, 4
8.771095237195361, 4.553496065371625, 4
8.177042127825105, -0.07812098581110893, 4
6.061764757604802, 1.1570827784415187, 4
8.976441821238213, 2.422427505947579, 4
7.637499566986434, 0.2650050301449689, 4
7.747269245040908, 2.22153951554781, 4
6.544116081691687, 6.069005211820526, 4
9.846230232524697, 0.5103204238170251, 4
0.44528106516957244, 1.5878404079539834, 4
10.44773259952708, 1.9560934808406107, 4
14.033341130683109, 0.7277775144109118, 4
7.9713182193906365, 0.043430327711696304, 4
7.563237190775592, -1.2558773663932077, 4
9.024668789073472, 1.6448488408074426, 4
7.190831652277495, 3.732848724181058, 4
6.997046529768523, 5.340297408018943, 4
8.225724500896426, 0.6299219177984579, 4
8.466821509904307, -0.1676048069895908, 4
8.619861153669891, -0.6488149121711517, 4
8.15635983352962, 2.9443678518351444, 4
7.530510286877366, 0.1277245682707493, 4
8.913511672985651, -0.3770044087144122, 4
5.569170538134606, 0.8555599787067092, 4
8.61895712910028, 2.227195499631742, 4
6.941638286757247, 2.2885186331749665, 4
8.126360640358891, 2.824481135501041, 4
-6.4542069651137695, 3.801508659787201, 4
7.744786375447247, 1.3553601292592987, 4
5.704335779306699, 4.37912703559417, 4
3.1738051148769975, 2.667944833372689, 4
6.491693879395442, 1.0952004213510134, 4
6.857373562330528, 1.767339529245932, 4
-8.361333471478872, -0.39347416444679917, 4
8.527108137482127, 0.28559640311745826, 4
7.444267232205785, 0.35506329911226164, 4
6.99266742476524, 4.241800902468828, 4
7.623569783140348, -0.27645285812618337, 4
9.20116793217867, 1.8966615058881355, 4
7.492163190045238, 3.5277141917037755, 4
-6.579190805818349, 3.3376827965009985, 4
6.48522494361581, 0.08973163508606444, 4
8.014261596555636, 3.738878738249907, 4
10.023534027939451, 2.0797132631687854, 4
9.199256113847353, 2.21881138433831, 4
11.870154908187466, 2.0156074817299863, 4
8.265075376296817, 0.9554794672117366, 4
0.23209295910279248, 0.9659035563553116, 4
8.251305889864488, 3.6414877523260696, 4
12.954935581543785, 1.8936797659862714, 4
8.380738068537408, 0.08989908752678097, 4
9.704843136501362, 3.2259977451617203, 4
5.405538548140078, 2.773692426109542, 4
8.108967689225251, 0.03094363875071876, 4
12.29574889953766, 3.1236030917969124, 4
8.702622626299078, 0.03759409363000943, 4
15.888232474808504, -0.7468873178320519, 4
14.32287242060946, 4.7539459630772205, 4
5.482319072214015, 1.8012057104273773, 4
-1.0334611099521958, 2.910293281855166, 4
8.364073703252384, 2.112698869614379, 4
7.218111915959444, 3.7522204567787414, 4
8.379435926662177, 1.3936124191081962, 4
5.489745090804843, 4.492882040162446, 4
7.9959651991005245, 1.6481723154318286, 4
9.308839228043052, 0.46279840510507, 4
6.074151297237832, 3.090841966630237, 4
2.4120271345163204, 2.937715037165835, 4
5.713275264506559, 3.193987423991425, 4
5.673127044645437, 2.0594720580578865, 4
1.9110885500466033, 3.7949733440721265, 4
8.779726314743744, 1.2275482598367335, 4
6.700920774825037, 2.3144756162142945, 4
5.393734832760917, 2.1346286640483156, 4
7.966594237393779, 2.2752816999708263, 4
8.649110801330579, 1.30995059730317, 4
7.74915819426578, 2.086194738006797, 4
7.21377143266729, 3.3657753842995275, 4
15.688595592393337, 1.5489602551320618, 4
7.538771730603218, 2.7856592624659897, 4
10.290213471235754, -0.14603515921572852, 4
8.024816219293827, 0.6291965459633557, 4
8.773962512142818, 0.2528217575738414, 4
8.904135931051512, 3.3840312790934286, 4
4.9957341619804225, 0.42358399030974847, 4
6.189053133827392, 2.6103294759435354, 4
7.775935500696849, 0.6410240172637744, 4
7.624825410837876, 2.9550821528670457, 4
8.303576082525261, 3.0915147203281843, 4
9.58326953425432, 0.4108563740429949, 4
8.797570883931146, 0.6839368572921274, 4
8.248731534023795, 2.754840329969126, 4
8.09474541380123, 3.1233136083187776, 4
6.2243232251446114, 2.939722050065174, 4
9.85096234604952, 1.248402121385579, 4
13.976102751983134, -0.04411272587924353, 4
-4.180926769717368, 2.229238858907048, 4
8.581473811235094, 3.107699234574561, 4
8.665655541752939, 2.6058414085446753, 4
7.248043028635635, 3.097111381518635, 4
16.013749438066526, 0.10809222582885814, 4
6.024377169669306, 2.5297211557872408, 4
-4.531958209603429, 1.3730997932863107, 4
-7.910112016350702, 1.7811746871890906, 4
10.246876203740959, 0.07232936973402834, 4
-2.710637891050262, -0.5482485372769124, 4
9.426030864890926, -1.1132626380013542, 4
7.542636377570574, -0.40369673800810735, 4
10.853151791582112, 1.7017304371159176, 4
8.54347526775389, 3.7597478849731436, 4
8.69605556389716, 1.2874036428339795, 4
2.4657405652290407, 0.9303320114472411, 4
8.901958387966909, 2.2818661934095443, 4
